6/15-16/2015
0
997.5 
167.2 
1164.7
6/30-7/1/14
0
362.0 
163.0 
525.0
4/18-19/13 
3185.6 
6104.7 
1429.2 
10719.5
7/24/2011 
0
1716.2 
504.3 
2220.5
5/29/2011 
0
0
107.0 
107.0
7/24/2010 
0
5784.6 
750.3 
6534.9 
6/19/2009
0
0
191.6 
191.6
3/8/2009
0
 0
143.1 
143.1
2/26-27/09 
0
0
78.9 
78.9 
12/27-28/08
0
0
460.8 
460.8
9/13-16/08 
2669.2 
5438.2 
2941.7 
11049.1 
8/23-24/07
0
0
224.0 
224.0
8/22/2002 
0
1296.4 
455.4 
1751.8
10/13/2001 
0
0
90.7
90.7
8/31/2001
0
0
75.3 
75.3
8/2/2001 
0
883.1 
139.9 
1023.0
6/13/1999 
0
0
9.7
9.7
8/16-8/17/97
0
402.0 
157.0
559.0
2/20-2/22/97 
1458.0 
1947.0 
774.0 
4179.0 
7/17-7/18/96 
1032.0
519.0
0
1551.0
11/27-11/28/90
224.0
86.0 
154.0 
464.0
8/17-8/18/90
0
0
9.5 
9.5
5/9-5/10/90
0
208.0 
289.0 
497.0
8/3-8/4/89
0
0
52.0 
52.0
8/25-8/26/87 
0
0
18.0 
18.0
8/13-8/14/87 
0
986.0 
971.0 
1957.0
10/3/1986
0
0
53.0 
53.0 
8/6/1985
0
0 
58.0 
58.0
3/4/1985
0
0 
153.3 
153.3